20
2539       0.0000000 0.0005979 0.0007070 0.0013595 0.0005576 0.0015765 0.0013221 0.0010668 0.0008807 0.0014190 0.0014468 0.0010471 0.0014092 0.0132671 0.0015699 0.0015506 0.0010687 0.0014434 0.0011100 0.0010492 
35         0.0005979 0.0000000 0.0007148 0.0007543 0.0003290 0.0008760 0.0006739 0.0006351 0.0006343 0.0007157 0.0002754 0.0007139 0.0006359 0.0027632 0.0006736 0.0007154 0.0007144 0.0006762 0.0006749 0.0005548 
4235       0.0007070 0.0007148 0.0000000 0.0005081 0.0003780 0.0007864 0.0009845 0.0006275 0.0005489 0.0003111 0.0005886 0.0007059 0.0004690 0.0025753 0.0005476 0.0007458 0.0009046 0.0006659 0.0005083 0.0005472 
475        0.0013595 0.0007543 0.0005081 0.0000000 0.0005538 0.0010242 0.0014954 0.0009014 0.0013375 0.0006498 0.0012165 0.0011957 0.0010291 0.0131896 0.0011340 0.0012392 0.0013633 0.0009195 0.0007975 0.0010909 
4788       0.0005576 0.0003290 0.0003780 0.0005538 0.0000000 0.0008095 0.0006052 0.0003778 0.0003541 0.0005542 0.0004022 0.0005035 0.0004049 0.0033028 0.0004022 0.0006052 0.0005575 0.0005539 0.0005038 0.0004021 
8958       0.0015765 0.0008760 0.0007864 0.0010242 0.0008095 0.0000000 0.0015111 0.0009412 0.0014006 0.0009419 0.0010238 0.0013002 0.0006737 0.0129052 0.0010046 0.0011916 0.0015526 0.0007956 0.0010424 0.0013575 
A136       0.0013221 0.0006739 0.0009845 0.0014954 0.0006052 0.0015111 0.0000000 0.0010597 0.0012754 0.0015573 0.0014454 0.0010832 0.0014720 0.0133938 0.0015733 0.0014904 0.0012349 0.0017452 0.0011289 0.0011258 
AF1        0.0010668 0.0006351 0.0006275 0.0009014 0.0003778 0.0009412 0.0010597 0.0000000 0.0008613 0.0007840 0.0005869 0.0007827 0.0006261 0.0028559 0.0009009 0.0009832 0.0009805 0.0006662 0.0007826 0.0007430 
ATCC_23114 0.0008807 0.0006343 0.0005489 0.0013375 0.0003541 0.0014006 0.0012754 0.0008613 0.0000000 0.0013350 0.0013822 0.0009385 0.0015116 0.0131534 0.0014013 0.0015533 0.0009414 0.0015263 0.0010858 0.0012782 
FBG        0.0014190 0.0007157 0.0003111 0.0006498 0.0005542 0.0009419 0.0015573 0.0007840 0.0013350 0.0000000 0.0009462 0.0011938 0.0009241 0.0133080 0.0010687 0.0011955 0.0014448 0.0008573 0.0008996 0.0012773 
LBD-4      0.0014468 0.0002754 0.0005886 0.0012165 0.0004022 0.0010238 0.0014454 0.0005869 0.0013822 0.0009462 0.0000000 0.0013399 0.0009010 0.0134633 0.0007123 0.0004870 0.0013146 0.0006535 0.0011904 0.0011250 
PX1114     0.0010471 0.0007139 0.0007059 0.0011957 0.0005035 0.0013002 0.0010832 0.0007827 0.0009385 0.0011938 0.0013399 0.0000000 0.0011538 0.0128880 0.0011501 0.0013841 0.0010853 0.0012600 0.0009437 0.0010883 
SP10291    0.0014092 0.0006359 0.0004690 0.0010291 0.0004049 0.0006737 0.0014720 0.0006261 0.0015116 0.0009241 0.0009010 0.0011538 0.0000000 0.0130815 0.0009008 0.0009836 0.0014705 0.0007364 0.0009631 0.0011529 
SP2565     0.0132671 0.0027632 0.0025753 0.0131896 0.0033028 0.0129052 0.0133938 0.0028559 0.0131534 0.0133080 0.0134633 0.0128880 0.0130815 0.0000000 0.0132099 0.0137308 0.0132763 0.0131265 0.0130003 0.0131060 
SP3615     0.0015699 0.0006736 0.0005476 0.0011340 0.0004022 0.0010046 0.0015733 0.0009009 0.0014013 0.0010687 0.0007123 0.0011501 0.0009008 0.0132099 0.0000000 0.0007743 0.0013973 0.0009015 0.0012558 0.0013347 
SS10       0.0015506 0.0007154 0.0007458 0.0012392 0.0006052 0.0011916 0.0014904 0.0009832 0.0015533 0.0011955 0.0004870 0.0013841 0.0009836 0.0137308 0.0007743 0.0000000 0.0014214 0.0009009 0.0011717 0.0013130 
SS25       0.0010687 0.0007144 0.0009046 0.0013633 0.0005575 0.0015526 0.0012349 0.0009805 0.0009414 0.0014448 0.0013146 0.0010853 0.0014705 0.0132763 0.0013973 0.0014214 0.0000000 0.0015748 0.0012564 0.0010471 
Sprott     0.0014434 0.0006762 0.0006659 0.0009195 0.0005539 0.0007956 0.0017452 0.0006662 0.0015263 0.0008573 0.0006535 0.0012600 0.0007364 0.0131265 0.0009015 0.0009009 0.0015748 0.0000000 0.0010216 0.0012975 
TO0613     0.0011100 0.0006749 0.0005083 0.0007975 0.0005038 0.0010424 0.0011289 0.0007826 0.0010858 0.0008996 0.0011904 0.0009437 0.0009631 0.0130003 0.0012558 0.0011717 0.0012564 0.0010216 0.0000000 0.0007548 
VO31120    0.0010492 0.0005548 0.0005472 0.0010909 0.0004021 0.0013575 0.0011258 0.0007430 0.0012782 0.0012773 0.0011250 0.0010883 0.0011529 0.0131060 0.0013347 0.0013130 0.0010471 0.0012975 0.0007548 0.0000000 
